%TGIF 4.1.40
state(0,37,100.000,0,0,0,16,1,9,1,1,1,0,0,0,1,0,'Helvetica',0,195840,0,0,1,10,0,0,1,1,0,16,0,0,1,1,1,1,1088,1408,1,0,2880,0).
%
% @(#)$Header$
% %W%
%
unit("1 pixel/pixel").
color_info(11,65535,0,[
	"magenta", 65535, 0, 65535, 65535, 0, 65535, 1,
	"red", 65535, 0, 0, 65535, 0, 0, 1,
	"green", 0, 65535, 0, 0, 65535, 0, 1,
	"blue", 0, 0, 65535, 0, 0, 65535, 1,
	"yellow", 65535, 65535, 0, 65535, 65535, 0, 1,
	"pink", 65535, 49344, 52171, 65535, 49344, 52171, 1,
	"cyan", 0, 65535, 65535, 0, 65535, 65535, 1,
	"CadetBlue", 24415, 40606, 41120, 24415, 40606, 41120, 1,
	"white", 65535, 65535, 65535, 65535, 65535, 65535, 1,
	"black", 0, 0, 0, 0, 0, 0, 1,
	"DarkSlateGray", 12079, 20303, 20303, 12079, 20303, 20303, 1
]).
script_frac("0.6").
fg_bg_colors('black','white').
page(1,"",1,'').
poly('black','',2,[
	149,678,156,678],0,2,1,0,0,0,0,0,0,0,0,'2',0,0,
    "0","",[
    0,8,3,0,'8','3','0'],[0,8,3,0,'8','3','0'],[
]).
poly('black','',2,[
	1001,678,994,678],0,2,1,1,0,0,0,0,0,0,0,'2',0,0,
    "0","",[
    0,8,3,0,'8','3','0'],[0,8,3,0,'8','3','0'],[
]).
text('black',139,656,1,2,1,27,38,2,31,7,0,0,0,0,2,27,38,0,0,"",0,0,0,0,687,'',[
minilines(27,38,0,0,2,0,0,[
mini_line(27,31,7,0,0,0,[
str_block(0,27,31,7,0,-2,0,0,0,[
str_seg('black','Helvetica',0,195840,27,31,7,0,-2,0,0,0,0,0,
	" 0")])
])
])]).
poly('black','',2,[
	149,582,156,582],0,2,1,4,0,0,0,0,0,0,0,'2',0,0,
    "0","",[
    0,8,3,0,'8','3','0'],[0,8,3,0,'8','3','0'],[
]).
poly('black','',2,[
	1001,582,994,582],0,2,1,5,0,0,0,0,0,0,0,'2',0,0,
    "0","",[
    0,8,3,0,'8','3','0'],[0,8,3,0,'8','3','0'],[
]).
text('black',139,560,1,2,1,45,38,6,31,7,0,0,0,0,2,45,38,0,0,"",0,0,0,0,591,'',[
minilines(45,38,0,0,2,0,0,[
mini_line(45,31,7,0,0,0,[
str_block(0,45,31,7,0,-2,0,0,0,[
str_seg('black','Helvetica',0,195840,45,31,7,0,-2,0,0,0,0,0,
	" 20")])
])
])]).
poly('black','',2,[
	149,485,156,485],0,2,1,8,0,0,0,0,0,0,0,'2',0,0,
    "0","",[
    0,8,3,0,'8','3','0'],[0,8,3,0,'8','3','0'],[
]).
poly('black','',2,[
	1001,485,994,485],0,2,1,9,0,0,0,0,0,0,0,'2',0,0,
    "0","",[
    0,8,3,0,'8','3','0'],[0,8,3,0,'8','3','0'],[
]).
text('black',139,463,1,2,1,45,38,10,31,7,0,0,0,0,2,45,38,0,0,"",0,0,0,0,494,'',[
minilines(45,38,0,0,2,0,0,[
mini_line(45,31,7,0,0,0,[
str_block(0,45,31,7,0,-2,0,0,0,[
str_seg('black','Helvetica',0,195840,45,31,7,0,-2,0,0,0,0,0,
	" 40")])
])
])]).
poly('black','',2,[
	149,389,156,389],0,2,1,12,0,0,0,0,0,0,0,'2',0,0,
    "0","",[
    0,8,3,0,'8','3','0'],[0,8,3,0,'8','3','0'],[
]).
poly('black','',2,[
	1001,389,994,389],0,2,1,13,0,0,0,0,0,0,0,'2',0,0,
    "0","",[
    0,8,3,0,'8','3','0'],[0,8,3,0,'8','3','0'],[
]).
text('black',139,367,1,2,1,45,38,14,31,7,0,0,0,0,2,45,38,0,0,"",0,0,0,0,398,'',[
minilines(45,38,0,0,2,0,0,[
mini_line(45,31,7,0,0,0,[
str_block(0,45,31,7,0,-2,0,0,0,[
str_seg('black','Helvetica',0,195840,45,31,7,0,-2,0,0,0,0,0,
	" 60")])
])
])]).
poly('black','',2,[
	149,293,156,293],0,2,1,16,0,0,0,0,0,0,0,'2',0,0,
    "0","",[
    0,8,3,0,'8','3','0'],[0,8,3,0,'8','3','0'],[
]).
poly('black','',2,[
	1001,293,994,293],0,2,1,17,0,0,0,0,0,0,0,'2',0,0,
    "0","",[
    0,8,3,0,'8','3','0'],[0,8,3,0,'8','3','0'],[
]).
text('black',139,271,1,2,1,45,38,18,31,7,0,0,0,0,2,45,38,0,0,"",0,0,0,0,302,'',[
minilines(45,38,0,0,2,0,0,[
mini_line(45,31,7,0,0,0,[
str_block(0,45,31,7,0,-2,0,0,0,[
str_seg('black','Helvetica',0,195840,45,31,7,0,-2,0,0,0,0,0,
	" 80")])
])
])]).
poly('black','',2,[
	149,196,156,196],0,2,1,20,0,0,0,0,0,0,0,'2',0,0,
    "0","",[
    0,8,3,0,'8','3','0'],[0,8,3,0,'8','3','0'],[
]).
poly('black','',2,[
	1001,196,994,196],0,2,1,21,0,0,0,0,0,0,0,'2',0,0,
    "0","",[
    0,8,3,0,'8','3','0'],[0,8,3,0,'8','3','0'],[
]).
text('black',139,174,1,2,1,63,38,22,31,7,0,0,0,0,2,63,38,0,0,"",0,0,0,0,205,'',[
minilines(63,38,0,0,2,0,0,[
mini_line(63,31,7,0,0,0,[
str_block(0,63,31,7,0,-2,0,0,0,[
str_seg('black','Helvetica',0,195840,63,31,7,0,-2,0,0,0,0,0,
	" 100")])
])
])]).
poly('black','',2,[
	149,100,156,100],0,2,1,24,0,0,0,0,0,0,0,'2',0,0,
    "0","",[
    0,8,3,0,'8','3','0'],[0,8,3,0,'8','3','0'],[
]).
poly('black','',2,[
	1001,100,994,100],0,2,1,25,0,0,0,0,0,0,0,'2',0,0,
    "0","",[
    0,8,3,0,'8','3','0'],[0,8,3,0,'8','3','0'],[
]).
text('black',139,78,1,2,1,63,38,26,31,7,0,0,0,0,2,63,38,0,0,"",0,0,0,0,109,'',[
minilines(63,38,0,0,2,0,0,[
mini_line(63,31,7,0,0,0,[
str_block(0,63,31,7,0,-2,0,0,0,[
str_seg('black','Helvetica',0,195840,63,31,7,0,-2,0,0,0,0,0,
	" 120")])
])
])]).
poly('black','',2,[
	149,678,149,671],0,2,1,28,0,0,0,0,0,0,0,'2',0,0,
    "0","",[
    0,8,3,0,'8','3','0'],[0,8,3,0,'8','3','0'],[
]).
poly('black','',2,[
	149,100,149,107],0,2,1,29,0,0,0,0,0,0,0,'2',0,0,
    "0","",[
    0,8,3,0,'8','3','0'],[0,8,3,0,'8','3','0'],[
]).
text('black',149,684,1,1,1,27,38,30,31,7,0,0,0,0,2,27,38,0,0,"",0,0,0,0,715,'',[
minilines(27,38,0,0,1,0,0,[
mini_line(27,31,7,0,0,0,[
str_block(0,27,31,7,0,-2,0,0,0,[
str_seg('black','Helvetica',0,195840,27,31,7,0,-2,0,0,0,0,0,
	" 0")])
])
])]).
poly('black','',2,[
	255,678,255,671],0,2,1,32,0,0,0,0,0,0,0,'2',0,0,
    "0","",[
    0,8,3,0,'8','3','0'],[0,8,3,0,'8','3','0'],[
]).
poly('black','',2,[
	255,100,255,107],0,2,1,33,0,0,0,0,0,0,0,'2',0,0,
    "0","",[
    0,8,3,0,'8','3','0'],[0,8,3,0,'8','3','0'],[
]).
text('black',255,684,1,1,1,81,38,34,31,7,0,0,0,0,2,81,38,0,0,"",0,0,0,0,715,'',[
minilines(81,38,0,0,1,0,0,[
mini_line(81,31,7,0,0,0,[
str_block(0,81,31,7,0,-2,0,0,0,[
str_seg('black','Helvetica',0,195840,81,31,7,0,-2,0,0,0,0,0,
	" 1000")])
])
])]).
poly('black','',2,[
	362,678,362,671],0,2,1,36,0,0,0,0,0,0,0,'2',0,0,
    "0","",[
    0,8,3,0,'8','3','0'],[0,8,3,0,'8','3','0'],[
]).
poly('black','',2,[
	362,100,362,107],0,2,1,37,0,0,0,0,0,0,0,'2',0,0,
    "0","",[
    0,8,3,0,'8','3','0'],[0,8,3,0,'8','3','0'],[
]).
text('black',362,684,1,1,1,81,38,38,31,7,0,0,0,0,2,81,38,0,0,"",0,0,0,0,715,'',[
minilines(81,38,0,0,1,0,0,[
mini_line(81,31,7,0,0,0,[
str_block(0,81,31,7,0,-2,0,0,0,[
str_seg('black','Helvetica',0,195840,81,31,7,0,-2,0,0,0,0,0,
	" 2000")])
])
])]).
poly('black','',2,[
	468,678,468,671],0,2,1,40,0,0,0,0,0,0,0,'2',0,0,
    "0","",[
    0,8,3,0,'8','3','0'],[0,8,3,0,'8','3','0'],[
]).
poly('black','',2,[
	468,100,468,107],0,2,1,41,0,0,0,0,0,0,0,'2',0,0,
    "0","",[
    0,8,3,0,'8','3','0'],[0,8,3,0,'8','3','0'],[
]).
text('black',468,684,1,1,1,81,38,42,31,7,0,0,0,0,2,81,38,0,0,"",0,0,0,0,715,'',[
minilines(81,38,0,0,1,0,0,[
mini_line(81,31,7,0,0,0,[
str_block(0,81,31,7,0,-2,0,0,0,[
str_seg('black','Helvetica',0,195840,81,31,7,0,-2,0,0,0,0,0,
	" 3000")])
])
])]).
poly('black','',2,[
	575,678,575,671],0,2,1,44,0,0,0,0,0,0,0,'2',0,0,
    "0","",[
    0,8,3,0,'8','3','0'],[0,8,3,0,'8','3','0'],[
]).
poly('black','',2,[
	575,100,575,107],0,2,1,45,0,0,0,0,0,0,0,'2',0,0,
    "0","",[
    0,8,3,0,'8','3','0'],[0,8,3,0,'8','3','0'],[
]).
text('black',575,684,1,1,1,81,38,46,31,7,0,0,0,0,2,81,38,0,0,"",0,0,0,0,715,'',[
minilines(81,38,0,0,1,0,0,[
mini_line(81,31,7,0,0,0,[
str_block(0,81,31,7,0,-2,0,0,0,[
str_seg('black','Helvetica',0,195840,81,31,7,0,-2,0,0,0,0,0,
	" 4000")])
])
])]).
poly('black','',2,[
	681,678,681,671],0,2,1,48,0,0,0,0,0,0,0,'2',0,0,
    "0","",[
    0,8,3,0,'8','3','0'],[0,8,3,0,'8','3','0'],[
]).
poly('black','',2,[
	681,100,681,107],0,2,1,49,0,0,0,0,0,0,0,'2',0,0,
    "0","",[
    0,8,3,0,'8','3','0'],[0,8,3,0,'8','3','0'],[
]).
text('black',681,684,1,1,1,81,38,50,31,7,0,0,0,0,2,81,38,0,0,"",0,0,0,0,715,'',[
minilines(81,38,0,0,1,0,0,[
mini_line(81,31,7,0,0,0,[
str_block(0,81,31,7,0,-2,0,0,0,[
str_seg('black','Helvetica',0,195840,81,31,7,0,-2,0,0,0,0,0,
	" 5000")])
])
])]).
poly('black','',2,[
	788,678,788,671],0,2,1,52,0,0,0,0,0,0,0,'2',0,0,
    "0","",[
    0,8,3,0,'8','3','0'],[0,8,3,0,'8','3','0'],[
]).
poly('black','',2,[
	788,100,788,107],0,2,1,53,0,0,0,0,0,0,0,'2',0,0,
    "0","",[
    0,8,3,0,'8','3','0'],[0,8,3,0,'8','3','0'],[
]).
text('black',788,684,1,1,1,81,38,54,31,7,0,0,0,0,2,81,38,0,0,"",0,0,0,0,715,'',[
minilines(81,38,0,0,1,0,0,[
mini_line(81,31,7,0,0,0,[
str_block(0,81,31,7,0,-2,0,0,0,[
str_seg('black','Helvetica',0,195840,81,31,7,0,-2,0,0,0,0,0,
	" 6000")])
])
])]).
poly('black','',2,[
	894,678,894,671],0,2,1,56,0,0,0,0,0,0,0,'2',0,0,
    "0","",[
    0,8,3,0,'8','3','0'],[0,8,3,0,'8','3','0'],[
]).
poly('black','',2,[
	894,100,894,107],0,2,1,57,0,0,0,0,0,0,0,'2',0,0,
    "0","",[
    0,8,3,0,'8','3','0'],[0,8,3,0,'8','3','0'],[
]).
text('black',894,684,1,1,1,81,38,58,31,7,0,0,0,0,2,81,38,0,0,"",0,0,0,0,715,'',[
minilines(81,38,0,0,1,0,0,[
mini_line(81,31,7,0,0,0,[
str_block(0,81,31,7,0,-2,0,0,0,[
str_seg('black','Helvetica',0,195840,81,31,7,0,-2,0,0,0,0,0,
	" 7000")])
])
])]).
poly('black','',2,[
	1001,678,1001,671],0,2,1,60,0,0,0,0,0,0,0,'2',0,0,
    "0","",[
    0,8,3,0,'8','3','0'],[0,8,3,0,'8','3','0'],[
]).
poly('black','',2,[
	1001,100,1001,107],0,2,1,61,0,0,0,0,0,0,0,'2',0,0,
    "0","",[
    0,8,3,0,'8','3','0'],[0,8,3,0,'8','3','0'],[
]).
text('black',1001,684,1,1,1,81,38,62,31,7,0,0,0,0,2,81,38,0,0,"",0,0,0,0,715,'',[
minilines(81,38,0,0,1,0,0,[
mini_line(81,31,7,0,0,0,[
str_block(0,81,31,7,0,-2,0,0,0,[
str_seg('black','Helvetica',0,195840,81,31,7,0,-2,0,0,0,0,0,
	" 8000")])
])
])]).
poly('black','',5,[
	149,678,1001,678,1001,100,149,100,149,678],0,2,1,64,0,0,0,0,0,0,0,'2',0,0,
    "00","",[
    0,8,3,0,'8','3','0'],[0,8,3,0,'8','3','0'],[
]).
text('cyan',924,107,1,2,1,0,22,65,18,4,0,0,0,0,2,0,22,0,0,"",0,0,0,0,125,'',[
minilines(0,22,0,0,2,0,0,[
mini_line(0,18,4,0,0,0,[
str_block(0,0,18,4,0,0,0,0,0,[
str_seg('black','Helvetica',0,103680,0,18,4,0,0,0,0,0,0,0,
	"")])
])
])]).
polygon('black','',6,[
	1001,169,1009,175,1006,185,996,185,993,175,1001,169],1,1,1,0,69,0,0,0,0,0,'1',0,
    "00",[
]).
polygon('black','',6,[
	948,184,956,190,953,200,943,200,940,190,948,184],1,1,1,0,70,0,0,0,0,0,'1',0,
    "00",[
]).
polygon('black','',6,[
	894,195,902,201,899,211,889,211,886,201,894,195],1,1,1,0,71,0,0,0,0,0,'1',0,
    "00",[
]).
polygon('black','',6,[
	841,208,849,214,846,224,836,224,833,214,841,208],1,1,1,0,72,0,0,0,0,0,'1',0,
    "00",[
]).
polygon('black','',6,[
	788,223,796,229,793,239,783,239,780,229,788,223],1,1,1,0,73,0,0,0,0,0,'1',0,
    "00",[
]).
polygon('black','',6,[
	735,238,743,244,740,254,730,254,727,244,735,238],1,1,1,0,74,0,0,0,0,0,'1',0,
    "00",[
]).
polygon('black','',6,[
	681,259,689,265,686,275,676,275,673,265,681,259],1,1,1,0,75,0,0,0,0,0,'1',0,
    "00",[
]).
polygon('black','',6,[
	628,279,636,285,633,295,623,295,620,285,628,279],1,1,1,0,76,0,0,0,0,0,'1',0,
    "00",[
]).
polygon('black','',6,[
	575,301,583,307,580,317,570,317,567,307,575,301],1,1,1,0,77,0,0,0,0,0,'1',0,
    "00",[
]).
polygon('black','',6,[
	522,326,530,332,527,342,517,342,514,332,522,326],1,1,1,0,78,0,0,0,0,0,'1',0,
    "00",[
]).
polygon('black','',6,[
	468,355,476,361,473,371,463,371,460,361,468,355],1,1,1,0,79,0,0,0,0,0,'1',0,
    "00",[
]).
polygon('black','',6,[
	415,392,423,398,420,408,410,408,407,398,415,392],1,1,1,0,80,0,0,0,0,0,'1',0,
    "00",[
]).
polygon('black','',6,[
	362,429,370,435,367,445,357,445,354,435,362,429],1,1,1,0,81,0,0,0,0,0,'1',0,
    "00",[
]).
polygon('black','',6,[
	309,474,317,480,314,490,304,490,301,480,309,474],1,1,1,0,82,0,0,0,0,0,'1',0,
    "00",[
]).
polygon('black','',6,[
	255,527,263,533,260,543,250,543,247,533,255,527],1,1,1,0,83,0,0,0,0,0,'1',0,
    "00",[
]).
polygon('black','',6,[
	202,591,210,597,207,607,197,607,194,597,202,591],1,1,1,0,84,0,0,0,0,0,'1',0,
    "00",[
]).
text('black',94,395,1,2,1,38,209,314,31,7,0,0,0,0,2,209,38,0,0,"",0,1,0,0,426,'',[
	94,395,-115,395,94,433,1.60782e-13,-1000,1000,1.60782e-13,-49,-117,-116,394,95,434],[
minilines(209,38,0,0,2,0,0,[
mini_line(209,31,7,0,0,0,[
str_block(0,209,31,7,0,-3,0,0,0,[
str_seg('black','Helvetica',0,195840,209,31,7,0,-3,0,0,0,0,0,
	"Speed(Gflops)")])
])
])]).
text('black',589,728,1,2,1,24,38,316,31,7,0,0,0,0,2,24,38,0,0,"",0,0,0,0,759,'',[
minilines(24,38,0,0,2,0,0,[
mini_line(24,31,7,0,0,0,[
str_block(0,24,31,7,0,-3,0,0,0,[
str_seg('black','Helvetica',0,195840,24,31,7,0,-3,0,0,0,0,0,
	"N")])
])
])]).
